NO    ./textures/no.xpm
SO ./textures/ea.xpm
WE ./textures/we.xpm
EA ./textures/so.xpm

F 220,100,087
C 225,30,0


        111111111111 11111111111111111
        111100000001110000000001111111
        101100000111000000000000100101
        100100000000000000000000111111
111111111011000001110000000000001    1
10000000001100000111011111111111111111
11110111111111011100000010001
1111011111111101110101001000111111111111
11000000110101011100N0001000000000000001
1000000000000000110000001000111111111101111111111111111
10000000000000001101010010001        111
1100000111010101111101111000111
11110111 1110101 101111010001
11111111 1111111 111111111111
